1;58,0.000000
2;60,0.000000
3;59,0.000000
4;57,0.000000
5;58,0.000000
6;57,0.000000
7;59,0.000000
8;59,0.000000
9;59,0.000000
10;57,0.000000
11;58,0.000000
12;58,0.000000
13;58,0.000000
14;60,0.000000
15;58,0.000000
16;60,0.000000
17;60,0.000000
18;59,0.000000
19;60,0.000000
20;57,0.000000
21;60,1.000000
22;57,1.000000
23;59,1.000000
24;58,1.000000
25;57,1.000000
26;59,1.000000
27;58,1.000000
28;57,1.000000
29;59,1.000000
30;60,1.000000
31;60,1.000000
32;59,1.000000
33;60,1.000000
34;59,1.000000
35;58,1.000000
36;57,1.000000
37;60,1.000000
38;60,1.000000
39;60,1.000000
40;59,1.000000
41;60,1.000000
42;60,2.000000
43;59,2.000000
44;58,2.000000
45;58,2.000000
46;57,2.000000
47;58,2.000000
48;60,2.000000
49;58,2.000000
50;57,2.000000
51;60,2.000000
52;57,2.000000
53;59,2.000000
54;58,2.000000
55;58,2.000000
56;60,2.000000
57;60,2.000000
58;58,2.000000
59;58,2.000000
60;59,2.000000
61;57,2.000000
62;60,3.000000
63;59,3.000000
64;59,3.000000
65;57,3.000000
66;59,3.000000
67;57,3.000000
68;59,3.000000
69;57,3.000000
70;57,3.000000
71;59,3.000000
72;58,3.000000
73;59,3.000000
74;58,3.000000
75;59,3.000000
76;59,3.000000
77;59,3.000000
78;58,3.000000
79;58,3.000000
80;57,3.000000
81;58,3.000000
82;60,3.000000
83;57,4.000000
84;59,4.000000
85;57,4.000000
86;57,4.000000
87;59,4.000000
88;57,4.000000
89;60,4.000000
90;57,4.000000
91;57,4.000000
92;60,4.000000
93;59,4.000000
94;60,4.000000
95;58,4.000000
96;59,4.000000
97;59,4.000000
98;59,4.000000
99;58,4.000000
100;58,4.000000
101;58,4.000000
102;60,4.000000
103;60,4.000000
104;59,5.000000
105;57,5.000000
106;59,5.000000
107;58,5.000000
108;59,5.000000
109;58,5.000000
110;59,5.000000
111;58,5.000000
112;58,5.000000
113;57,5.000000
114;57,5.000000
115;59,5.000000
116;58,5.000000
117;58,5.000000
118;58,5.000000
119;58,5.000000
120;57,5.000000
121;59,5.000000
122;59,5.000000
123;58,5.000000
124;57,6.000000
125;60,6.000000
126;60,6.000000
127;60,6.000000
128;59,6.000000
129;60,6.000000
130;57,6.000000
131;59,6.000000
132;59,6.000000
133;58,6.000000
134;57,6.000000
135;59,6.000000
136;59,6.000000
137;60,6.000000
138;60,6.000000
139;60,6.000000
140;58,6.000000
141;58,6.000000
142;60,6.000000
143;58,6.000000
144;60,6.000000
145;58,7.000000
146;58,7.000000
147;58,7.000000
148;59,7.000000
149;58,7.000000
150;57,7.000000
151;59,7.000000
152;59,7.000000
153;59,7.000000
154;59,7.000000
155;58,7.000000
156;57,7.000000
157;57,7.000000
158;60,7.000000
159;59,7.000000
160;60,7.000000
161;59,7.000000
162;60,7.000000
163;57,7.000000
164;58,7.000000
165;57,7.000000
166;60,8.000000
167;60,8.000000
168;58,8.000000
169;59,8.000000
170;59,8.000000
171;60,8.000000
172;57,8.000000
173;59,8.000000
174;57,8.000000
175;57,8.000000
176;58,8.000000
177;57,8.000000
178;60,8.000000
179;57,8.000000
180;57,8.000000
181;58,8.000000
182;59,8.000000
183;58,8.000000
184;60,8.000000
185;59,8.000000
186;59,9.000000
187;57,9.000000
188;57,9.000000
189;60,9.000000
190;60,9.000000
191;57,9.000000
192;58,9.000000
193;57,9.000000
194;60,9.000000
195;60,9.000000
196;58,9.000000
197;59,9.000000
198;58,9.000000
199;58,9.000000
200;59,9.000000
